3,2
10,109
10,27
10,107
10,65
10,200
10,161
9,2
9,3
8,8
12,3
12,2
12,1
11,28
11,27
11,26
11,25
11,24
11,23
11,22
11,21
11,20
11,19
11,18
11,17
11,16
11,15
11,14
11,13
11,12
11,11
11,10
11,9
11,8
11,7
11,6
11,5
11,4
11,3
11,2
11,1
10,302
10,301
10,300
10,299
10,298
10,297
10,296
10,295
10,294
10,293
10,270
20,2
20,1
20,3
10,268
10,267
10,264
19,2
19,1
19,3
10,256
10,255
10,254
10,245
10,244
10,236
10,226
10,224
10,221
10,220
10,219
10,214
10,211
10,209
10,203
10,197
18,1
18,3
14,1
14,3
13,1
13,3
10,195
10,194
10,192
10,191
10,182
10,173
10,172
10,164
10,152
10,145
10,142
10,140
10,139
10,134
10,133
10,129
10,79
10,77
10,1
10,67
10,3
10,2
